# y[m],x[m] , colour (r,g,b in 0-255)
-20.0,0.0,0,255,0
-20.0,3500.0,255,0,0
-16.25,0.0,0,255,0
-16.25,3500.0,255,0,0
-12.5,0.0,0,255,0
-12.5,3500.0,255,0,0
-8.75,0.0,0,255,0
-8.75,3500.0,255,0,0
-5.0,0.0,0,255,0
-5.0,3500.0,255,0,0
-1.25,0.0,0,255,0
-1.25,3500.0,255,0,0
2.5,0.0,0,255,0
2.5,3500.0,255,0,0
6.25,0.0,0,255,0
6.25,3500.0,255,0,0
10.0,0.0,0,255,0
10.0,3500.0,255,0,0
13.75,0.0,0,255,0
13.75,3500.0,255,0,0
17.5,0.0,0,255,0
17.5,3500.0,255,0,0
21.25,0.0,0,255,0
21.25,3500.0,255,0,0
-20.0,0.0,255,255,255
20.0,0.0,255,255,255
-20.0,50.0,255,255,255
20.0,50.0,255,255,255
-20.0,100.0,255,255,255
20.0,100.0,255,255,255
-20.0,150.0,255,255,255
20.0,150.0,255,255,255
-20.0,200.0,255,255,255
20.0,200.0,255,255,255
-20.0,250.0,255,255,255
20.0,250.0,255,255,255
-20.0,300.0,255,255,255
20.0,300.0,255,255,255
-20.0,350.0,255,255,255
20.0,350.0,255,255,255
-20.0,400.0,255,255,255
20.0,400.0,255,255,255
-20.0,450.0,255,255,255
20.0,450.0,255,255,255
-20.0,500.0,255,255,255
20.0,500.0,255,255,255
-20.0,550.0,255,255,255
20.0,550.0,255,255,255
-20.0,600.0,255,255,255
20.0,600.0,255,255,255
-20.0,650.0,255,255,255
20.0,650.0,255,255,255
-20.0,700.0,255,255,255
20.0,700.0,255,255,255
-20.0,750.0,255,255,255
20.0,750.0,255,255,255
-20.0,800.0,255,255,255
20.0,800.0,255,255,255
-20.0,850.0,255,255,255
20.0,850.0,255,255,255
-20.0,900.0,255,255,255
20.0,900.0,255,255,255
-20.0,950.0,255,255,255
20.0,950.0,255,255,255
-20.0,1000.0,255,255,255
20.0,1000.0,255,255,255
-20.0,1050.0,255,255,255
20.0,1050.0,255,255,255
-20.0,1100.0,255,255,255
20.0,1100.0,255,255,255
-20.0,1150.0,255,255,255
20.0,1150.0,255,255,255
-20.0,1200.0,255,255,255
20.0,1200.0,255,255,255
-20.0,1250.0,255,255,255
20.0,1250.0,255,255,255
-20.0,1300.0,255,255,255
20.0,1300.0,255,255,255
-20.0,1350.0,255,255,255
20.0,1350.0,255,255,255
-20.0,1400.0,255,255,255
20.0,1400.0,255,255,255
-20.0,1450.0,255,255,255
20.0,1450.0,255,255,255
-20.0,1500.0,255,255,255
20.0,1500.0,255,255,255
-20.0,1550.0,255,255,255
20.0,1550.0,255,255,255
-20.0,1600.0,255,255,255
20.0,1600.0,255,255,255
-20.0,1650.0,255,255,255
20.0,1650.0,255,255,255
-20.0,1700.0,255,255,255
20.0,1700.0,255,255,255
-20.0,1750.0,255,255,255
20.0,1750.0,255,255,255
-20.0,1800.0,255,255,255
20.0,1800.0,255,255,255
-20.0,1850.0,255,255,255
20.0,1850.0,255,255,255
-20.0,1900.0,255,255,255
20.0,1900.0,255,255,255
-20.0,1950.0,255,255,255
20.0,1950.0,255,255,255
-20.0,2000.0,255,255,255
20.0,2000.0,255,255,255
-20.0,2050.0,255,255,255
20.0,2050.0,255,255,255
-20.0,2100.0,255,255,255
20.0,2100.0,255,255,255
-20.0,2150.0,255,255,255
20.0,2150.0,255,255,255
-20.0,2200.0,255,255,255
20.0,2200.0,255,255,255
-20.0,2250.0,255,255,255
20.0,2250.0,255,255,255
-20.0,2300.0,255,255,255
20.0,2300.0,255,255,255
-20.0,2350.0,255,255,255
20.0,2350.0,255,255,255
-20.0,2400.0,255,255,255
20.0,2400.0,255,255,255
-20.0,2450.0,255,255,255
20.0,2450.0,255,255,255
-20.0,2500.0,255,255,255
20.0,2500.0,255,255,255
-20.0,2550.0,255,255,255
20.0,2550.0,255,255,255
-20.0,2600.0,255,255,255
20.0,2600.0,255,255,255
-20.0,2650.0,255,255,255
20.0,2650.0,255,255,255
-20.0,2700.0,255,255,255
20.0,2700.0,255,255,255
-20.0,2750.0,255,255,255
20.0,2750.0,255,255,255
-20.0,2800.0,255,255,255
20.0,2800.0,255,255,255
-20.0,2850.0,255,255,255
20.0,2850.0,255,255,255
-20.0,2900.0,255,255,255
20.0,2900.0,255,255,255
-20.0,2950.0,255,255,255
20.0,2950.0,255,255,255
-20.0,3000.0,255,255,255
20.0,3000.0,255,255,255
-20.0,3050.0,255,255,255
20.0,3050.0,255,255,255
-20.0,3100.0,255,255,255
20.0,3100.0,255,255,255
-20.0,3150.0,255,255,255
20.0,3150.0,255,255,255
-20.0,3200.0,255,255,255
20.0,3200.0,255,255,255
-20.0,3250.0,255,255,255
20.0,3250.0,255,255,255
-20.0,3300.0,255,255,255
20.0,3300.0,255,255,255
-20.0,3350.0,255,255,255
20.0,3350.0,255,255,255
-20.0,3400.0,255,255,255
20.0,3400.0,255,255,255
-20.0,3450.0,255,255,255
20.0,3450.0,255,255,255
-20.0,3500.0,255,255,255
20.0,3500.0,255,255,255
0,0.0,255,255,255
0,10.0,255,255,255
0,20.0,255,255,255
0,30.0,255,255,255
0,40.0,255,255,255
0,50.0,255,255,255
0,60.0,255,255,255
0,70.0,255,255,255
0,80.0,255,255,255
0,90.0,255,255,255
0,100.0,255,255,255
0,110.0,255,255,255
0,120.0,255,255,255
0,130.0,255,255,255
0,140.0,255,255,255
0,150.0,255,255,255
0,160.0,255,255,255
0,170.0,255,255,255
0,180.0,255,255,255
0,190.0,255,255,255
0,200.0,255,255,255
0,210.0,255,255,255
0,220.0,255,255,255
0,230.0,255,255,255
0,240.0,255,255,255
0,250.0,255,255,255
0,260.0,255,255,255
0,270.0,255,255,255
0,280.0,255,255,255
0,290.0,255,255,255
0,300.0,255,255,255
0,310.0,255,255,255
0,320.0,255,255,255
0,330.0,255,255,255
0,340.0,255,255,255
0,350.0,255,255,255
0,360.0,255,255,255
0,370.0,255,255,255
0,380.0,255,255,255
0,390.0,255,255,255
0,400.0,255,255,255
0,410.0,255,255,255
0,420.0,255,255,255
0,430.0,255,255,255
0,440.0,255,255,255
0,450.0,255,255,255
0,460.0,255,255,255
0,470.0,255,255,255
0,480.0,255,255,255
0,490.0,255,255,255
0,500.0,255,255,255
0,510.0,255,255,255
0,520.0,255,255,255
0,530.0,255,255,255
0,540.0,255,255,255
0,550.0,255,255,255
0,560.0,255,255,255
0,570.0,255,255,255
0,580.0,255,255,255
0,590.0,255,255,255
0,600.0,255,255,255
0,610.0,255,255,255
0,620.0,255,255,255
0,630.0,255,255,255
0,640.0,255,255,255
0,650.0,255,255,255
0,660.0,255,255,255
0,670.0,255,255,255
0,680.0,255,255,255
0,690.0,255,255,255
0,700.0,255,255,255
0,710.0,255,255,255
0,720.0,255,255,255
0,730.0,255,255,255
0,740.0,255,255,255
0,750.0,255,255,255
0,760.0,255,255,255
0,770.0,255,255,255
0,780.0,255,255,255
0,790.0,255,255,255
0,800.0,255,255,255
0,810.0,255,255,255
0,820.0,255,255,255
0,830.0,255,255,255
0,840.0,255,255,255
0,850.0,255,255,255
0,860.0,255,255,255
0,870.0,255,255,255
0,880.0,255,255,255
0,890.0,255,255,255
0,900.0,255,255,255
0,910.0,255,255,255
0,920.0,255,255,255
0,930.0,255,255,255
0,940.0,255,255,255
0,950.0,255,255,255
0,960.0,255,255,255
0,970.0,255,255,255
0,980.0,255,255,255
0,990.0,255,255,255
0,1000.0,255,255,255
0,1010.0,255,255,255
0,1020.0,255,255,255
0,1030.0,255,255,255
0,1040.0,255,255,255
0,1050.0,255,255,255
0,1060.0,255,255,255
0,1070.0,255,255,255
0,1080.0,255,255,255
0,1090.0,255,255,255
0,1100.0,255,255,255
0,1110.0,255,255,255
0,1120.0,255,255,255
0,1130.0,255,255,255
0,1140.0,255,255,255
0,1150.0,255,255,255
0,1160.0,255,255,255
0,1170.0,255,255,255
0,1180.0,255,255,255
0,1190.0,255,255,255
0,1200.0,255,255,255
0,1210.0,255,255,255
0,1220.0,255,255,255
0,1230.0,255,255,255
0,1240.0,255,255,255
0,1250.0,255,255,255
0,1260.0,255,255,255
0,1270.0,255,255,255
0,1280.0,255,255,255
0,1290.0,255,255,255
0,1300.0,255,255,255
0,1310.0,255,255,255
0,1320.0,255,255,255
0,1330.0,255,255,255
0,1340.0,255,255,255
0,1350.0,255,255,255
0,1360.0,255,255,255
0,1370.0,255,255,255
0,1380.0,255,255,255
0,1390.0,255,255,255
0,1400.0,255,255,255
0,1410.0,255,255,255
0,1420.0,255,255,255
0,1430.0,255,255,255
0,1440.0,255,255,255
0,1450.0,255,255,255
0,1460.0,255,255,255
0,1470.0,255,255,255
0,1480.0,255,255,255
0,1490.0,255,255,255
0,1500.0,255,255,255
0,1510.0,255,255,255
0,1520.0,255,255,255
0,1530.0,255,255,255
0,1540.0,255,255,255
0,1550.0,255,255,255
0,1560.0,255,255,255
0,1570.0,255,255,255
0,1580.0,255,255,255
0,1590.0,255,255,255
0,1600.0,255,255,255
0,1610.0,255,255,255
0,1620.0,255,255,255
0,1630.0,255,255,255
0,1640.0,255,255,255
0,1650.0,255,255,255
0,1660.0,255,255,255
0,1670.0,255,255,255
0,1680.0,255,255,255
0,1690.0,255,255,255
0,1700.0,255,255,255
0,1710.0,255,255,255
0,1720.0,255,255,255
0,1730.0,255,255,255
0,1740.0,255,255,255
0,1750.0,255,255,255
0,1760.0,255,255,255
0,1770.0,255,255,255
0,1780.0,255,255,255
0,1790.0,255,255,255
0,1800.0,255,255,255
0,1810.0,255,255,255
0,1820.0,255,255,255
0,1830.0,255,255,255
0,1840.0,255,255,255
0,1850.0,255,255,255
0,1860.0,255,255,255
0,1870.0,255,255,255
0,1880.0,255,255,255
0,1890.0,255,255,255
0,1900.0,255,255,255
0,1910.0,255,255,255
0,1920.0,255,255,255
0,1930.0,255,255,255
0,1940.0,255,255,255
0,1950.0,255,255,255
0,1960.0,255,255,255
0,1970.0,255,255,255
0,1980.0,255,255,255
0,1990.0,255,255,255
0,2000.0,255,255,255
0,2010.0,255,255,255
0,2020.0,255,255,255
0,2030.0,255,255,255
0,2040.0,255,255,255
0,2050.0,255,255,255
0,2060.0,255,255,255
0,2070.0,255,255,255
0,2080.0,255,255,255
0,2090.0,255,255,255
0,2100.0,255,255,255
0,2110.0,255,255,255
0,2120.0,255,255,255
0,2130.0,255,255,255
0,2140.0,255,255,255
0,2150.0,255,255,255
0,2160.0,255,255,255
0,2170.0,255,255,255
0,2180.0,255,255,255
0,2190.0,255,255,255
0,2200.0,255,255,255
0,2210.0,255,255,255
0,2220.0,255,255,255
0,2230.0,255,255,255
0,2240.0,255,255,255
0,2250.0,255,255,255
0,2260.0,255,255,255
0,2270.0,255,255,255
0,2280.0,255,255,255
0,2290.0,255,255,255
0,2300.0,255,255,255
0,2310.0,255,255,255
0,2320.0,255,255,255
0,2330.0,255,255,255
0,2340.0,255,255,255
0,2350.0,255,255,255
0,2360.0,255,255,255
0,2370.0,255,255,255
0,2380.0,255,255,255
0,2390.0,255,255,255
0,2400.0,255,255,255
0,2410.0,255,255,255
0,2420.0,255,255,255
0,2430.0,255,255,255
0,2440.0,255,255,255
0,2450.0,255,255,255
0,2460.0,255,255,255
0,2470.0,255,255,255
0,2480.0,255,255,255
0,2490.0,255,255,255
0,2500.0,255,255,255
0,2510.0,255,255,255
0,2520.0,255,255,255
0,2530.0,255,255,255
0,2540.0,255,255,255
0,2550.0,255,255,255
0,2560.0,255,255,255
0,2570.0,255,255,255
0,2580.0,255,255,255
0,2590.0,255,255,255
0,2600.0,255,255,255
0,2610.0,255,255,255
0,2620.0,255,255,255
0,2630.0,255,255,255
0,2640.0,255,255,255
0,2650.0,255,255,255
0,2660.0,255,255,255
0,2670.0,255,255,255
0,2680.0,255,255,255
0,2690.0,255,255,255
0,2700.0,255,255,255
0,2710.0,255,255,255
0,2720.0,255,255,255
0,2730.0,255,255,255
0,2740.0,255,255,255
0,2750.0,255,255,255
0,2760.0,255,255,255
0,2770.0,255,255,255
0,2780.0,255,255,255
0,2790.0,255,255,255
0,2800.0,255,255,255
0,2810.0,255,255,255
0,2820.0,255,255,255
0,2830.0,255,255,255
0,2840.0,255,255,255
0,2850.0,255,255,255
0,2860.0,255,255,255
0,2870.0,255,255,255
0,2880.0,255,255,255
0,2890.0,255,255,255
0,2900.0,255,255,255
0,2910.0,255,255,255
0,2920.0,255,255,255
0,2930.0,255,255,255
0,2940.0,255,255,255
0,2950.0,255,255,255
0,2960.0,255,255,255
0,2970.0,255,255,255
0,2980.0,255,255,255
0,2990.0,255,255,255
0,3000.0,255,255,255
0,3010.0,255,255,255
0,3020.0,255,255,255
0,3030.0,255,255,255
0,3040.0,255,255,255
0,3050.0,255,255,255
0,3060.0,255,255,255
0,3070.0,255,255,255
0,3080.0,255,255,255
0,3090.0,255,255,255
0,3100.0,255,255,255
0,3110.0,255,255,255
0,3120.0,255,255,255
0,3130.0,255,255,255
0,3140.0,255,255,255
0,3150.0,255,255,255
0,3160.0,255,255,255
0,3170.0,255,255,255
0,3180.0,255,255,255
0,3190.0,255,255,255
0,3200.0,255,255,255
0,3210.0,255,255,255
0,3220.0,255,255,255
0,3230.0,255,255,255
0,3240.0,255,255,255
0,3250.0,255,255,255
0,3260.0,255,255,255
0,3270.0,255,255,255
0,3280.0,255,255,255
0,3290.0,255,255,255
0,3300.0,255,255,255
0,3310.0,255,255,255
0,3320.0,255,255,255
0,3330.0,255,255,255
0,3340.0,255,255,255
0,3350.0,255,255,255
0,3360.0,255,255,255
0,3370.0,255,255,255
0,3380.0,255,255,255
0,3390.0,255,255,255
0,3400.0,255,255,255
0,3410.0,255,255,255
0,3420.0,255,255,255
0,3430.0,255,255,255
0,3440.0,255,255,255
0,3450.0,255,255,255
0,3460.0,255,255,255
0,3470.0,255,255,255
0,3480.0,255,255,255
0,3490.0,255,255,255
0,3500.0,255,255,255
10.0,30,255,255,255
-10.0,30,255,255,255
11.5,30,255,255,255
-11.5,30,255,255,255
13.0,30,255,255,255
-13.0,30,255,255,255
10.0,60,255,255,255
-10.0,60,255,255,255
11.5,60,255,255,255
-11.5,60,255,255,255
13.0,60,255,255,255
-13.0,60,255,255,255
10.0,90,255,255,255
-10.0,90,255,255,255
11.5,90,255,255,255
-11.5,90,255,255,255
13.0,90,255,255,255
-13.0,90,255,255,255
10.0,120,255,255,255
-10.0,120,255,255,255
11.5,120,255,255,255
-11.5,120,255,255,255
13.0,120,255,255,255
-13.0,120,255,255,255
10.0,150,255,255,255
-10.0,150,255,255,255
11.5,150,255,255,255
-11.5,150,255,255,255
13.0,150,255,255,255
-13.0,150,255,255,255
10.0,180,255,255,255
-10.0,180,255,255,255
11.5,180,255,255,255
-11.5,180,255,255,255
13.0,180,255,255,255
-13.0,180,255,255,255
10.0,210,255,255,255
-10.0,210,255,255,255
11.5,210,255,255,255
-11.5,210,255,255,255
13.0,210,255,255,255
-13.0,210,255,255,255
10.0,240,255,255,255
-10.0,240,255,255,255
11.5,240,255,255,255
-11.5,240,255,255,255
13.0,240,255,255,255
-13.0,240,255,255,255
10.0,270,255,255,255
-10.0,270,255,255,255
11.5,270,255,255,255
-11.5,270,255,255,255
13.0,270,255,255,255
-13.0,270,255,255,255
10.0,300,255,255,255
-10.0,300,255,255,255
11.5,300,255,255,255
-11.5,300,255,255,255
13.0,300,255,255,255
-13.0,300,255,255,255
10.0,330,255,255,255
-10.0,330,255,255,255
11.5,330,255,255,255
-11.5,330,255,255,255
13.0,330,255,255,255
-13.0,330,255,255,255
10.0,360,255,255,255
-10.0,360,255,255,255
11.5,360,255,255,255
-11.5,360,255,255,255
13.0,360,255,255,255
-13.0,360,255,255,255
10.0,-30,255,0,0
-10.0,-30,255,0,0
-1.5,-30,255,255,255
11.5,-30,255,0,0
-11.5,-30,255,0,0
0.0,-30,255,255,255
13.0,-30,255,0,0
-13.0,-30,255,0,0
1.5,-30,255,255,255
10.0,-45,255,0,0
-10.0,-45,255,0,0
-1.5,-45,255,255,255
11.5,-45,255,0,0
-11.5,-45,255,0,0
0.0,-45,255,255,255
13.0,-45,255,0,0
-13.0,-45,255,0,0
1.5,-45,255,255,255
10.0,-60,255,0,0
-10.0,-60,255,0,0
-1.5,-60,255,255,255
11.5,-60,255,0,0
-11.5,-60,255,0,0
0.0,-60,255,255,255
13.0,-60,255,0,0
-13.0,-60,255,0,0
1.5,-60,255,255,255
10.0,-75,255,0,0
-10.0,-75,255,0,0
-1.5,-75,255,255,255
11.5,-75,255,0,0
-11.5,-75,255,0,0
0.0,-75,255,255,255
13.0,-75,255,0,0
-13.0,-75,255,0,0
1.5,-75,255,255,255
10.0,-90,255,0,0
-10.0,-90,255,0,0
-1.5,-90,255,255,255
11.5,-90,255,0,0
-11.5,-90,255,0,0
0.0,-90,255,255,255
13.0,-90,255,0,0
-13.0,-90,255,0,0
1.5,-90,255,255,255
10.0,-105,255,0,0
-10.0,-105,255,0,0
-1.5,-105,255,255,255
11.5,-105,255,0,0
-11.5,-105,255,0,0
0.0,-105,255,255,255
13.0,-105,255,0,0
-13.0,-105,255,0,0
1.5,-105,255,255,255
10.0,-120,255,0,0
-10.0,-120,255,0,0
-1.5,-120,255,255,255
11.5,-120,255,0,0
-11.5,-120,255,0,0
0.0,-120,255,255,255
13.0,-120,255,0,0
-13.0,-120,255,0,0
1.5,-120,255,255,255
10.0,-135,255,0,0
-10.0,-135,255,0,0
-1.5,-135,255,255,255
11.5,-135,255,0,0
-11.5,-135,255,0,0
0.0,-135,255,255,255
13.0,-135,255,0,0
-13.0,-135,255,0,0
1.5,-135,255,255,255
10.0,-150,255,0,0
-10.0,-150,255,0,0
-1.5,-150,255,255,255
11.5,-150,255,0,0
-11.5,-150,255,0,0
0.0,-150,255,255,255
13.0,-150,255,0,0
-13.0,-150,255,0,0
1.5,-150,255,255,255
10.0,-165,255,0,0
-10.0,-165,255,0,0
-1.5,-165,255,255,255
11.5,-165,255,0,0
-11.5,-165,255,0,0
0.0,-165,255,255,255
13.0,-165,255,0,0
-13.0,-165,255,0,0
1.5,-165,255,255,255
10.0,-180,255,0,0
-10.0,-180,255,0,0
-1.5,-180,255,255,255
11.5,-180,255,0,0
-11.5,-180,255,0,0
0.0,-180,255,255,255
13.0,-180,255,0,0
-13.0,-180,255,0,0
1.5,-180,255,255,255
10.0,-195,255,0,0
-10.0,-195,255,0,0
-1.5,-195,255,255,255
11.5,-195,255,0,0
-11.5,-195,255,0,0
0.0,-195,255,255,255
13.0,-195,255,0,0
-13.0,-195,255,0,0
1.5,-195,255,255,255
